       0
       0
       0
       0
       0
    3056
       0
       0
       0
       0
       0
    3040
       0
       0
       0
       0
       0
       0
       0
       0
       0
       0
    3122
       1
       0
       0
       0
       0
       0
       0
       0
       0
       0
    3511
    1166
       0
       0
       0
       0
       0
       0
       0
       0
       0
    2902
    1463
       0
       0
       0
       0
       0
       0
       0
       0
       0
    2692
    1908
       0
       0
       0
       0
       0
       0
       0
       0
       0
    2867
    2339
       0
       0
       0
       0
       0
       0
       0
       0
       0
    2823
    2696
       0
       0
       0
       0
       0
       0
       0
       0
       0
    2541
    2605
       0
       0
       0
       0
       0
       0
       0
    3335
    2209
       0
       0
       0
       0
       0
       0
       0
       0
       0
       0
       0
    1767
    2176
       0
       0
       0
       0
       0
       0
       0
       0
       0
    1953
    2661
       0
       0
       0
       0
       0
       0
       0
       0
       0
    1657
    2368
       0
       0
       0
       0
       0
       0
       0
       0
       0
    1731
    2749
       0
       0
       0
       0
       0
       0
       0
       0
       0
    1945
    3108
      89
       0
       0
       0
       0
       0
       0
       0
       0
    1694
    2204
     838
       0
       0
       0
       0
       0
       0
       0
       0
    2700
    3371
    1808
       0
       0
       0
       0
       0
       0
       0
       0
    2809
    3212
    2418
       0
       0
       0
       0
       0
       0
       0
       0
    2786
    3114
    2783
       0
       0
       0
       0
       0
       0
       0
       0
    2929
    3295
    3479
       0
       0
       0
       0
       0
       0
    3042
    2880
    2621
       0
       0
       0
       0
       0
       0
       0
       0
       0
       0
       0
       0
       0
       0
       0
       0
       0
       0
       0
       0
       0
       0
       0
       0
       0
       0
       0
       0
       0
       0
       0
       0
       0
       0
       0
       0
       0
       0
       0
       0
       0
       0
       0
       0
       0
       0
       0
       0
       0
       0
       0
       0
       0
       0
       0
       0
       0
       0
       0
       0
       0
       0
       0
       0
       0
       0
       0
       0
       0
       0
       0
       0
       0
       0
       0
       0
       0
       0
       0
       0
       0
       0
       0
       0
       0
       0
       0
       0
       0
       0
       0
       0
       0
       0
       0
       0
       0
       0
       0
       0
       0
       0
       0
       0
       0
       0
       0
       0
       0
       0
       0
       0
       0
       0
       0
       0
       0
       0
       0
       0
       0
       0
       0
       0
       0
       0
       0
       0
       0
       0
       0
       0
       0
       0
       0
       0
       0
       0
       0
       0
       0
       0
       0
       0
       0
       0
       0
       0
       0
       0
       0
       0
       0
       0
       0
       0
       0
       0
       0
       0
       0
       0
       0
       0
       0
       0
       0
       0
       0
       0
       0
       0
       0
       0
       0
       0
       0
       0
       0
       0
       0
       0
       0
       0
       0
       0
       0
       0
       0
       0
       0
       0
       0
       0
       0
       0
       0
       0
       0
       0
       0
       0
       0
       0
       0
       0
       0
       0
       0
       0
       0
       0
       0
       0
       0
       0
       0
       0
       0
       0
       0
       0
       0
       0
       0
       0
       0
       0
       0
       0
       0
       0
       0
       0
       0
       0
       0
       0
       0
       0
       0
       0
       0
       0
       0
       0
       0
       0
       0
       0
       0
       0
       0
       0
       0
       0
       0
       0
       0
       0
       0
       0
       0
       0
       0
       0
       0
       0
       0
       0
       0
       0
       0
       0
       0
       0
       0
       0
       0
       0
       0
       0
       0
       0
       0
       0
       0
       0
       0
       0
       0
