#$SPEC_ID:
#No sample description was entered.
#$SPEC_REM:
#DET# 1
#DETDESC# MYON MCB 337
#AP# Maestro Version 6.06
#$DATE_MEA:
#05/16/2018 14:35:43
#$MEAS_TIM:
#513670 513673
#$DATA:
#0 511
#       0
#       0
      44
    1525
    1645
    1568
    1592
    1469
    1495
    1389
    1504
    1314
#-------
#    1305
#    1296
#    1287
#    1278
#    1269
#-------
    1489
    2728
    2543
    1685
    1346
#-------
    1260
    1221
    1115
    1254
    1152
    1087
    1144
    1082
    1020
    1069
    1016
     924
     984
     875
     969
     916
     973
     814
     807
     794
     807
     745
     815
     737
     721
     721
     733
     709
     641
     659
     644
     650
     663
     569
     610
     566
     561
     543
     529
     523
     545
     518
     501
     448
     447
     487
     470
     444
     434
     403
     426
     410
     393
     423
     409
     367
     367
     373
     353
     360
     318
     333
     350
     346
     313
     297
     309
     301
     288
     281
     302
     266
     283
     274
     261
     264
     250
     256
     253
     235
     236
     216
     200
     215
     222
     225
     216
     214
     169
     166
     183
     201
     184
     182
     164
     164
     178
     162
     172
     161
     173
     146
     160
     146
     166
     148
     128
     133
     135
     140
     142
     134
     122
     132
     115
     112
     127
     116
     113
     122
     122
      96
     119
     112
     114
     103
      95
      92
      88
      95
      78
      67
      91
      88
      73
      84
      80
      83
      88
      86
      73
      83
      61
      82
      68
      74
      74
      64
      55
      63
      68
      76
      64
      75
      66
      65
      62
      55
      58
      51
      52
      55
      41
      48
      55
      42
      49
      52
      50
      42
      47
      57
      41
      40
      35
      47
      50
      46
      41
      48
      36
      46
      46
      41
      38
      39
      42
      42
      28
      24
      35
      31
      36
      35
      37
      38
      36
      38
      28
      33
      33
      26
      24
      28
      30
      23
      33
      31
      35
      32
      28
      29
      28
      23
      35
      29
      28
      18
      16
      27
      19
      20
      21
      21
      23
      30
      22
      23
      25
      19
      24
      17
      28
      23
      31
      24
      25
      20
      13
      19
      28
      20
      21
      21
      21
      25
      17
      21
      19
      27
      17
       8
      24
      20
      19
      12
      19
      20
      17
      18
      15
      18
      23
      14
      24
      15
      30
      19
      23
      17
      15
      28
      21
      28
      19
      21
      19
      14
      18
      16
      16
      13
      14
      12
      15
      16
      17
       8
      14
      19
      18
      18
      13
      15
       7
      13
      16
      11
       5
      20
      16
      18
      21
      15
      12
      14
      14
      15
      11
      16
      11
      11
      12
      14
      10
      11
      16
      12
      12
      21
      19
      16
      17
      15
      21
      24
      19
      10
       4
      15
      14
      18
      16
      20
       8
      15
      21
      17
       7
      17
      12
      22
       8
      21
      14
      17
      13
       9
      17
      13
      15
      17
      12
      13
      14
       8
      10
      12
      19
      12
      11
      14
      12
      14
      13
      15
      10
       8
      18
      13
      18
      13
      14
      15
      21
      20
      15
      16
      13
      14
      12
      19
      14
      10
      17
      12
      14
      12
      14
       8
      11
      15
      17
      18
      13
      10
      12
      16
      19
      14
      11
      14
      12
      16
      12
       8
      12
      12
      17
      16
      12
      13
      17
      18
      16
      11
       8
       9
      10
      18
      13
      14
      13
      17
      19
       9
      14
      10
       7
      13
      15
      11
      12
      11
      12
      16
      14
      16
      15
      15
      19
      10
      17
      14
       8
      16
      16
      21
       6
      13
      14
      17
      15
      10
      16
      13
      15
       7
      20
      21
      14
      12
      10
      14
      14
      18
      15
      10
       0
       0
       0
       0
       0
       0
       0
       0
       0
       0
       0
       0
       0
       0
       0
       0
       0
       0
       0
       0
       0
       0
       0
       0
       0
       0
       0
#$ROI:
#0
#$PRESETS:
#None
#0
#0
#$ENER_FIT:
#-2.326062 0.088583
#$MCA_CAL:
#3
#-2.326062E+000 8.858320E-002 -1.636990E-004 micr
#$SHAPE_CAL:
#3
#0.000000E+000 0.000000E+000 0.000000E+000
